1.1218018531799316
Google.com
0.031237125396728516
0.015622615814208984
0.0
0.015625953674316406
0.015611410140991211
0.0
0.0
0.015720844268798828
0.0
0.0
Youtube.com
0.015612363815307617
0.0
0.015502691268920898
0.0
0.0
0.015745162963867188
0.0
0.0
0.0
0.0
Facebook.com
0.015721797943115234
0.0
0.0
0.015606403350830078
0.0
0.0
0.015502691268920898
0.0
0.01575016975402832
0.0
Baidu.com
0.0
0.01549220085144043
0.0
0.0
0.0
0.0
0.0
0.0
0.0
0.015665769577026367
Qq.com
0.0
0.015613079071044922
0.0
0.0
0.01569509506225586
0.0
0.0
0.0
0.0
0.01565241813659668
Yahoo.com
0.0
0.0
0.015627145767211914
0.0
0.0
0.015618562698364258
0.0
0.0
0.015585899353027344
0.0
Taobao.com
0.015633821487426758
0.0
0.0
0.0
0.0
0.015637636184692383
0.0
0.0
0.016980886459350586
0.0037567615509033203
Tmall.com
0.004015684127807617
0.005793094635009766
0.004036903381347656
0.004448413848876953
0.004069805145263672
0.0042171478271484375
0.0
0.0
0.015664339065551758
0.0
Alipay.com
0.0
0.0
0.0
0.015614986419677734
0.0
0.0
0.015588760375976562
0.0
0.0
0.015619993209838867
Aliexpress.com
0.0
0.0156552791595459
0.0
0.0
0.015620708465576172
0.0
0.0
0.0156252384185791
0.0
0.0
Sohu.com
0.0
0.0
0.015639066696166992
0.0
0.0
0.015620231628417969
0.0
0.0
0.015621662139892578
0.0
Jd.com
0.0
0.0
0.0
0.0
0.0
0.0
0.015646934509277344
0.0
0.0
0.015630245208740234
Live.com
0.0
0.0
0.0
0.0
0.0
0.0
0.0
0.015619516372680664
0.0
0.015648603439331055
Naver.com
0.0
0.0
0.015621423721313477
0.0
0.0
0.0
0.0
0.01575016975402832
0.0
0.0
Instagram.com
0.015527009963989258
0.0
0.0
0.0
0.0
0.015761613845825195
0.0
0.0
0.015611410140991211
0.0
Sina.com.cn
0.0
0.0
0.0
0.016274213790893555
0.0040225982666015625
0.003989458084106445
0.003974199295043945
0.005139589309692383
0.002118825912475586
0.0
Weibo.com
0.015777587890625
0.0
0.0
0.015602588653564453
0.0
0.0
0.017752885818481445
0.006077766418457031
0.004456996917724609
0.0039882659912109375
Yandex.ru
0.005074739456176758
0.015654802322387695
0.0
0.01566028594970703
0.03122997283935547
0.0
0.0
0.0
0.015613794326782227
0.0
Reddit.com
0.0
0.01560211181640625
0.015634775161743164
0.015606403350830078
0.0
0.01559305191040039
0.0
0.015649080276489258
0.0
0.01562666893005371
Stackoverflow.com
0.0
0.0
0.015631437301635742
0.0
0.0
0.0
0.0
0.0
0.0
0.0
Blogspot.com
0.01565718650817871
0.0
0.0
0.015610218048095703
0.0
0.0
0.015596628189086914
0.0
0.0
0.0
Login.tmall.com
0.0
0.0
0.0
0.0
0.0
0.0
0.015650033950805664
0.0
0.0
0.0
Netflix.com
0.0
0.0
0.0
0.0
0.0
0.0
0.0
0.01563739776611328
0.0
0.015633821487426758
Ebay.com
0.0
0.015615463256835938
0.0
0.0
0.0
0.0
0.0
0.0
0.0
0.0
Tribunnews.com
0.0
0.015687227249145508
0.0
0.0
0.015558719635009766
0.0
0.0
0.015622138977050781
0.0
0.0
